3.3
3.66
3.65
3.71
3.76
4.19
2.72
3.28
2.85
3.39
3.3
3.67
3.41
4.23
3.38
3.25
4.25
3.55
3.23
3.16
3.89
3.02
3.82
2.26
4.02
4.2
3.65
3.13
4.32
3.65
4.17
3.15
2.42
2.78
2.53
3.61
3.61
4.6
4.39
3.67
3.63
3.61
3.35
4.45
3.04
3.0
3.29
3.16
4.54
4.14
3.39
2.97
3.97
3.87
2.45
3.3
3.57
3.57
3.66
3.46
3.51
3.84
4.08
3.81
2.58
3.32
2.93
3.93
4.52
3.02
2.74
3.13
3.58
3.24
4.61
3.15
2.74
3.39
3.61
4.0
3.6
3.78
3.96
4.67
2.78
3.95
3.11
3.45
3.2
2.34
3.87
3.83
4.32
4.37
4.42
4.15
4.54
3.46
3.4
3.74
2.56
4.1
4.54
4.57
4.28
4.15
4.75
3.14
3.97
4.1
4.14
3.75
3.01
3.31
3.33
3.23
3.99
4.44
2.68
4.46
3.16
3.36
3.77
3.5
3.19
3.31
3.98
4.89
3.36
2.7
3.7
4.18
3.09
4.07
4.11
3.02
1.78
3.5
2.9
2.99
2.61
3.55
3.57
4.03
2.59
3.43
2.79
3.52
3.78
3.54
4.59
3.22
2.82
3.02
2.9
4.15
3.85
3.26
4.61
4.07
3.83
2.9
3.15
3.91
3.54
3.45
2.53
3.62
2.59
2.75
4.32
3.23
3.61
4.75
4.76
3.73
2.12
3.21
3.38
4.02
3.11
2.46
3.57
4.43
3.47
4.77
3.74
4.23
1.5
3.81
2.11
4.59
3.04
3.65
3.96
3.11
3.64
4.43
3.95
4.25
3.47
4.41
2.77
3.78
3.61
3.04
3.41
3.37
4.2
3.64
2.29
3.8
3.41
3.37
3.86
3.08
3.94
3.14
3.95
2.47
3.52
3.45
3.38
2.46
4.19
3.15
3.6
3.59
3.6
3.73
3.41
3.48
3.66
2.95
3.74
3.65
4.28
3.92
5
3.99
2.91
3.36
3.84
3.36
3.82
4.41
4.02
3.98
2.9
4.18
3.02
4.14
3.48
3.32
2.14
2.92
3.87
3.71
4.78
3.17
4.49
4.72
1.66
4.23
3.47
3.87
3.15
4.18
3.74
2.31
4.31
3.01
3.49
3.27
4.71
3.61
3.67
4.95
2.99
4.12
3.36
4.09
4.05
4.0
3.75
4.58
4.36
3.04
4.07
3.79
2.89
2.83
3.77
4.23
3.39
3.21
3.81
2.9
4.23
3.45
4.41
3.89
4.19
3.93
4.23
4.11
3.7
3.02
3.49
3.69
3.25
4.09
4.25
3.72
4.08
3.5
2.51
4.22
3.03
2.82
2.92
3.7
3.25
4.36
3.94
4.36
3.89
2.61
4.02
3.38
2.61
4.02
4.14
3.8
4.36
3.36
4.79
3.89
3.04
2.84
2.62
4.28
4.57
4.52
3.55
4.58
2.53
4.43
3.65
4.49
3.75
4.7
3.48
3.5
3.56
3.61
3.4
2.99
3.58
3.25
3.14
3.78
3.75
3.6
2.74
4.37
3.36
3.79
3.96
4.41
2.58
2.73
2.76
3.92
4.24
3.74
4.04
2.81
3.39
3.6
3.65
3.68
2.78
3.9
3.74
2.88
3.76
3.01
2.81
3.81
1.73
3.3
2.62
3.62
4.11
4.29
3.86
4.54
2.88
3.8
3.65
3.03
4.59
2.69
3.53
4.42
3.7
3.89
2.8
2.25
3.6
3.95
3.41
3.88
4.56
4.69
3.87
3.6
3.67
3.24
3.09
4.25
2.18
3.55
4.14
4.16
3.79
4.02
3.77
3.69
4.31
4.18
3.7
3.22
2.7
3.62
3.43
3.9
1.26
2.67
3.58
3.7
2.82
3.44
4.31
3.37
4.49
2.23
4.22
2.83
3.44
3.57
2.88
3.48
3.07
3.28
3.77
3.62
4.26
4.45
3.9
3.3
2.96
3.77
3.33
2.45
3.04
3.7
4.44
3.17
5
2.53
2.77
3.85
4.38
3.44
4.25
3.28
5
3.85
3.5
2.92
3.46
3.01
2.48
3.72
3.4
3.71
3.92
3.6
2.29
3.83
3.86
4.12
4.25
2.72
3.46
2.75
3.56
3.33
3.58
4.02
4.11
4.36
3.76
3.12
4.41
2.84
3.13
3.23
3.07
2.96
2.91
4.28
3.54
4.06
2.16
3.68
3.2
3.08
3.31
3.62
2.58
2.16
2.37
3.35
2.52
2.85
3.08
3.67
4.45
2.47
4.18
3.69
3.14
4.08
4.4
5
3.44
2.35
4.38
3.78
4.4
3.54
2.72
4.03
4.75
3.38
4.15
3.68
3.42
2.95
3.56
4.51
4.04
3.45
3.95
3.02
4.22
4.3
3.67
3.58
4.33
3.74
3.76
3.99
2.55
2.72
3.82
3.77
3.33
3.93
2.83
3.67
3.34
3.37
3.76
3.49
1.94
2.91
3.36
4.44
3.95
3.34
3.52
3.37
4.76
4.87
3.92
3.89
3.16
2.85
3.86
3.17
3.43
3.84
2.45
3.77
3.02
3.47
4.15
3.31
4.27
3.96
3.53
3.94
3.76
2.9
3.82
3.98
4.18
3.88
4.08
3.43
3.35
2.66
3.29
4.35
2.76
3.69
3.42
4.53
3.88
3.66
4.51
2.22
3.65
4.03
1.92
3.69
3.42
2.92
3.5
3.49
2.88
3.59
3.57
3.94
3.16
2.82
3.92
3.24
3.42
3.7
3.96
3.9
4.01
3.72
4.17
4.21
4.01
3.48
4.41
3.21
3.55
4.0
3.32
4.07
4.16
4.0
2.91
4.11
3.63
4.18
3.55
4.44
3.63
3.19
3.82
3.98
2.3
2.75
4.43
4.38
3.11
4.23
2.53
4.31
2.8
2.91
3.59
1.88
4.47
3.94
3.03
3.61
3.04
3.41
2.83
1.45
4.23
4.38
4.33
3.23
3.21
3.78
2.64
3.29
3.5
3.9
4.24
3.36
3.12
4.19
3.37
3.15
2.68
3.56
3.24
4.01
4.03
2.5
3.52
3.85
3.07
3.72
3.04
3.49
2.92
2.74
3.57
3.93
3.91
4.07
4.24
3.21
3.1
3.15
3.43
2.38
4.69
4.12
3.66
2.26
3.5
3.51
4.09
3.16
3.23
3.01
4.0
4.7
3.52
3.61
3.34
4.33
3.14
3.86
3.71
4.43
3.33
3.72
3.48
3.75
4.15
2.74
3.46
4.29
3.92
3.52
4.18
3.79
4.55
2.43
3.57
3.54
4.79
3.26
2.53
3.47
4.3
2.53
3.21
4.08
3.48
2.83
2.83
3.84
4.18
3.72
3.44
3.49
4.34
3.47
3.77
1.77
4.5
2.76
3.47
3.64
3.19
3.28
3.72
3.17
3.12
3.23
3.83
3.75
4.15
4.15
3.84
3.75
2.77
3.89
2.74
3.73
3.89
4.95
3.68
4.59
2.97
2.99
3.68
2.52
3.68
4.01
3.51
3.8
3.7
4.38
3.0
4.1
3.49
3.65
2.66
2.81
3.83
3.54
3.27
3.59
2.96
4.19
4.05
4.01
3.94
4.39
3.18
3.94
4.84
2.61
2.88
1.73
3.89
4.36
3.17
3.57
4.78
2.82
4.7
3.42
4.5
4.08
4.05
3.14
3.03
3.71
5
3.48
1.76
3.72
2.77
3.81
3.31
4.27
4.29
4.35
4.71
3.71
2.91
4.03
3.81
4.05
3.7
3.58
3.19
3.13
4.68
4.24
2.85
4.2
3.89
2.38
3.92
2.76
4.28
3.73
4.04
3.67
5
2.38
3.65
3.57
3.31
3.45
4.89
2.72
4.18
3.94
3.02
4.15
3.72
3.18
4.57
3.26
3.02
3.29
3.44
2.55
4.16
3.32
3.62
2.21
3.71
4.13
4.29
3.42
2.8
3.2
2.41
3.18
3.0
3.17
4.07
4.37
3.51
3.24
2.53
2.84
2.9
3.0
4.0
3.28
2.7
3.89
4.27
3.84
4.37
3.25
3.33
4.36
3.3
3.35
4.22
2.58
3.34
3.75
3.98
4.19
3.91
3.05
3.87
3.35
3.78
3.93
4.23
4.05
3.9
3.3
3.52
3.39
3.4
4.76
3.91
3.19
2.58
4.12
3.98
3.25
2.83
3.98
4.01
2.98
3.35
3.57
3.42
3.52
4.02
3.3
3.8
2.78
3.88
3.89
4.27
3.69
3.63
4.0
2.61
2.94
3.03
4.25
3.02
2.69
3.4
2.95
3.86
4.63
4.35
4.79
4.22
3.93
3.37
2.59
3.56
3.23
3.86
4.52
3.71
2.78
2.85
2.7
3.75
2.55
3.0
3.42
2.7
3.39
3.17
3.7
3.37
4.41
3.14
3.61
4.19
3.27
3.98
3.02
3.73
4.01
3.32
2.27
2.57
3.41
4.43
3.26
3.98
2.26
3.33
4.2
4.47
3.95
3.93
3.62
2.7
4.3
4.24
4.29
4.01
3.45
3.97
3.79
3.27
3.59
3.65
3.2
3.83
2.7
4.26
3.18
3.6
4.42
4.83
3.26
3.15
3.75
4.11
3.74
3.72
4.39
3.5
3.66
2.61
3.75
3.93
3.65
4.17
3.16
3.36
3.63
4.54
2.43
4.21
3.34
3.9
2.69
1.76
2.49
3.06
4.29
3.66
3.91
3.57
3.93
4.91
4.22
3.41
3.89
4.93
3.56
3.93
3.97
1.8
3.7
3.14
3.26
3.28
2.77
4.12
3.55
3.45
2.86
3.06
3.31
2.57
4.48
3.79
4.59
3.39
3.87
2.97
4.06
3.79
3.21
4.51
3.87
3.01
3.21
4.28
3.61
4.8
2.97
3.55
4.08
3.48
3.51
3.88
3.82
4.71
4.64
2.89
4.3
3.57
4.31
3.88
2.74
2.73
3.28
3.85
4.14
3.08
3.43
3.53
3.78
2.43
3.36
3.64
4.2
3.24
4.66
3.98
2.49
2.88
1.67
2.81
3.52
4.72
1.76
3.29
3.46
2.93
4.21
3.41
4.03
2.16
3.21
3.09
3.38
3.14
2.96
4.02
3.71
2.55
2.95
2.66
2.66
4.1
4.1
4.35
3.47
3.26
2.84
3.85
3.25
3.86
2.76
3.9
3.03
3.87
3.77
3.61
3.66
3.46
3.59
4.7
3.01
3.77
3.73
4.0
4.21
3.72
3.82
2.25
3.64
4.25
2.84
4.22
4.48
2.94
4.0
4.14
3.07
4.12
4.56
2.52
4.84
3.97
3.89
4.24
4.33
3.77
4.18
3.23
2.0
3.53
2.97
4.24
3.75
4.22
3.86
3.52
3.18
3.94
4.18
4.22
3.66
3.36
2.57
3.68
3.5
4.29
3.83
3.46
3.43
3.79
3.63
3.08
3.25
4.31
2.36
4.24
3.58
4.38
4.48
3.88
3.9
3.43
2.26
3.26
4.1
3.59
3.85
4.07
2.57
2.42
4.45
3.17
4.11
3.6
4.54
3.61
4.09
3.18
4.68
4.67
4.26
3.6
3.33
2.7
3.65
3.98
3.47
3.89
3.67
3.56
4.2
3.96
2.72
3.67
2.98
5
1.83
2.1
3.57
3.33
4.64
2.99
3.32
4.38
2.23
3.82
3.28
2.96
3.4
3.36
3.85
3.64
3.67
3.22
3.66
4.52
4.0
2.56
3.45
2.56
2.81
4.45
4.47
3.85
2.95
2.39
3.77
3.55
3.79
3.36
3.29
4.07
3.43
3.17
4.22
3.38
4.21
3.37
2.74
3.96
4.01
3.62
3.5
3.7
2.83
3.46
3.5
2.83
4.51
4.26
1.54
3.76
2.25
3.38
3.02
3.55
3.03
4.33
3.82
2.9
2.73
3.63
2.66
3.27
3.2
3.59
3.97
3.8
4.46
3.46
3.38
4.07
4.55
3.96
3.41
3.56
4.33
4.6
3.12
3.48
2.5
4.46
3.76
4.62
3.39
3.88
3.09
3.86
3.81
4.35
2.83
3.92
4.62
4.06
3.73
3.46
2.86
3.08
2.74
4.0
4.83
2.99
3.94
3.48
3.72
4.11
3.78
3.78
3.31
3.07
4.26
3.96
4.2
3.98
3.86
4.15
4.3
4.12
3.49
4.69
4.17
3.59
3.9
3.83
2.91
4.11
4.72
2.99
3.85
3.86
3.32
3.24
3.18
3.32
2.84
4.02
4.18
3.13
3.65
3.82
3.22
2.61
3.37
3.09
2.91
2.32
4.06
3.25
2.83
3.79
4.11
4.29
4.43
2.82
3.81
3.13
3.92
3.78
4.93
4.09
4.11
3.33
3.13
3.11
3.41
4.11
3.45
3.65
3.75
3.69
3.43
3.42
4.34
2.92
2.92
4.19
1.58
3.65
4.34
3.21
3.66
3.8
3.59
3.67
4.86
3.68
4.42
3.82
3.45
4.18
3.4
3.6
4.0
4.21
3.8
3.52
3.26
4.74
2.97
3.66
3.67
3.53
3.8
3.04
4.5
4.42
2.09
2.86
2.67
2.7
3.97
3.93
3.59
3.99
3.09
2.34
2.2
4.08
2.9
4.04
2.92
4.6
3.61
2.66
3.85
3.88
4.04
3.17
3.27
2.72
4.16
3.85
4.62
3.6
4.27
3.16
3.01
3.2
4.54
3.11
4.34
4.73
2.65
3.22
4.51
4.54
3.24
3.44
3.25
4.3
4.93
3.73
2.71
3.46
4.0
4.48
3.23
3.54
4.61
4.01
4.12
4.23
3.57
3.72
2.75
4.29
2.74
2.71
4.03
3.32
4.38
3.24
3.04
4.47
3.61
3.51
3.66
3.29
4.9
3.56
4.06
3.86
3.87
3.2
2.98
3.57
2.35
2.83
3.3
3.78
4.19
3.55
4.33
3.68
3.71
2.84
2.74
3.73
3.35
3.83
4.5
3.13
3.68
4.17
3.71
2.95
3.55
4.24
3.72
1.64
4.08
4.34
4.17
2.87
3.45
3.86
4.05
4.4
3.12
2.93
4.35
4.03
3.42
3.97
4.0
4.23
3.18
3.75
3.09
3.71
2.09
3.69
2.82
3.21
4.38
3.68
3.63
3.47
3.63
3.18
3.48
3.24
3.38
4.08
4.46
3.87
3.89
4.54
4.02
4.34
4.01
3.37
3.49
3.63
2.56
4.57
3.3
4.0
3.81
3.57
3.3
2.54
3.56
3.14
1.97
3.93
3.51
2.91
4.72
2.8
4.1
3.79
3.85
2.59
4.35
3.59
3.52
3.51
4.21
4.1
3.93
2.76
3.78
3.56
4.26
3.16
4.05
4.1
5
4.11
4.42
3.56
3.68
4.09
2.95
3.22
3.98
2.87
3.67
4.04
3.94
3.13
3.32
2.94
4.11
2.91
3.79
3.4
2.04
4.3
4.08
2.79
3.13
3.52
4.16
4.13
3.25
3.71
3.52
3.94
3.7
3.29
2.76
4.2
3.88
4.48
3.11
4.03
2.15
2.98
3.65
3.01
4.22
3.64
4.16
3.63
2.65
3.9
3.66
3.73
3.9
4.0
4.97
3.16
3.65
3.08
4.45
3.08
3.54
3.96
3.31
3.04
2.73
3.78
2.92
3.52
4.01
3.59
3.79
3.77
3.83
1.8
2.83
4.12
3.22
3.25
2.79
3.13
4.63
3.45
3.73
4.86
3.65
3.37
3.65
2.52
3.4
3.52
4.0
3.36
3.03
3.34
4.32
3.55
4.53
3.39
4.14
3.35
3.91
3.47
3.05
4.32
3.69
1.95
2.78
3.66
4.7
3.39
3.56
4.1
3.37
2.65
3.39
4.27
3.94
3.17
3.12
3.69
2.58
3.73
2.82
3.34
3.37
4.45
4.11
3.44
2.28
3.62
4.28
2.21
4.16
4.0
2.46
3.92
3.75
3.33
4.21
3.19
3.45
3.44
4.34
3.29
3.75
4.53
4.53
4.8
3.81
3.74
3.43
2.83
2.91
3.57
3.4
3.13
3.78
4.55
3.18
3.44
3.34
3.82
3.24
3.59
3.74
4.24
4.76
3.49
3.97
3.85
3.51
3.92
2.29
3.37
2.82
4.13
4.07
4.1
3.71
4.21
3.98
4.16
3.76
2.58
3.06
4.31
2.88
2.75
3.53
4.01
4.07
2.88
3.13
3.04
1.75
2.95
4.06
4.43
3.85
3.5
3.49
3.38
3.92
3.44
2.28
3.84
2.95
2.72
3.79
3.95
3.21
3.77
3.69
3.67
4.57
3.08
3.24
3.93
3.91
3.62
3.58
3.34
2.93
4.07
3.72
2.72
2.98
2.55
3.69
3.67
3.17
3.91
3.18
2.55
4.61
2.71
3.9
3.0
2.32
3.8
2.14
3.7
3.35
3.22
3.34
4.54
2.64
3.31
3.65
3.8
4.16
4.6
3.56
3.73
3.43
2.08
4.33
3.46
3.7
3.71
3.83
2.36
3.9
3.96
2.83
3.51
3.22
3.03
4.0
4.16
3.32
3.88
3.24
3.9
3.11
3.26
4.38
2.98
3.64
4.28
4.71
3.43
2.63
3.28
3.05
4.16
3.74
4.1
2.9
4.23
2.64
4.36
4.05
4.35
3.3
4.52
3.89
3.48
4.73
3.13
3.55
4.12
4.33
4.35
3.78
3.97
3.63
2.75
3.72
3.16
4.49
2.96
3.11
4.31
3.03
4.14
3.9
3.13
4.19
3.54
3.74
3.82
2.17
3.71
3.81
3.57
4.51
3.61
3.32
3.22
4.07
3.65
3.51
3.83
3.67
4.37
3.49
4.17
2.75
4.53
3.67
3.28
2.97
2.37
3.59
2.8
3.21
3.34
4.18
2.93
3.76
3.79
3.88
4.54
3.84
3.96
3.07
4.15
3.54
2.39
3.89
3.14
3.44
4.02
3.8
2.97
3.61
3.89
3.86
4.13
3.1
3.3
2.61
3.87
3.51
4.22
3.36
4.04
3.09
3.71
3.62
3.47
3.71
3.2
3.3
3.95
3.85
1.34
3.9
4.16
3.51
3.38
4.73
3.95
3.97
3.02
3.01
3.17
3.89
2.71
3.06
2.77
3.05
2.95
3.44
3.29
3.67
2.04
4.16
4.37
2.7
3.29
3.81
3.38
3.06
2.92
2.67
3.87
4.21
3.9
4.14
2.93
3.26
4.29
4.32
1.95
2.95
4.63
3.81
4.14
3.49
3.45
2.28
4.17
3.61
3.62
3.89
3.83
3.45
4.22
3.37
4.24
3.42
4.01
3.71
3.83
3.14
3.1
4.58
4.28
2.95
4.33
3.83
3.55
3.76
2.99
3.81
3.25
3.06
2.3
4.25
3.6
4.67
.6
4.67
